3,2
3,1
3,3
94,189
94,188
94,187
94,186
94,185
94,184
94,183
94,182
94,181
94,180
94,179
94,178
94,177
94,176
94,175
94,174
94,173
10,147
10,297
94,130
94,129
10,179
10,187
94,3
94,1
10,105
92,3
92,1
10,83
88,4
88,1
87,5
87,4
10,33
87,3
87,1
10,23
10,2
10,3
86,3
86,1
79,4
79,1
11,25
11,21
11,5
11,23
11,2
11,3
77,3
77,1
75,8
75,7
9,7
9,1
9,5
75,3
75,1
71,3
71,1
8,9
8,13
8,4
8,14
70,3
70,1
69,4
69,3
69,1
66,5
66,1
63,5
63,4
63,3
63,1
58,22
58,3
58,1
50,13
50,11
50,10
50,9
50,6
50,3
50,1
47,7
47,6
47,5
47,3
47,1
46,18
46,12
46,3
46,1
45,4
45,3
45,1
42,3
42,1
20,3
20,2
20,1
19,3
19,2
19,1
14,14
14,13
14,12
14,11
14,9
14,8
14,7
14,4
12,3
18,1
12,2
12,1
11,26
11,24
11,22
11,20
11,19
